7 7 7 9 0 22 40 18
1.00000e+000 0.00000e+000 0.00000e+000 0.00000e+000 -9.65000e+000
2.00000e+000 3.02500e+000 0.00000e+000 3.02500e+000 -9.65000e+000
3.00000e+000 6.15000e+000 0.00000e+000 6.15000e+000 -9.65000e+000
4.00000e+000 9.25000e+000 -4.20000e+000 9.25000e+000 -9.65000e+000
5.00000e+000 0.00000e+000 0.00000e+000 6.15000e+000 0.00000e+000
6.00000e+000 6.15000e+000 -4.20000e+000 9.25000e+000 -4.20000e+000
7.00000e+000 0.00000e+000 -9.65000e+000 9.25000e+000 -9.65000e+000

1.00000e+000 0.00000e+000 0.00000e+000 2.85000e+007 2.00000e-001
2.00000e+000 3.02500e+000 0.00000e+000 2.85000e+007 2.00000e-001
3.00000e+000 6.15000e+000 0.00000e+000 2.85000e+007 2.00000e-001
4.00000e+000 9.25000e+000 -4.20000e+000 2.85000e+007 2.00000e-001
5.00000e+000 0.00000e+000 0.00000e+000 2.85000e+007 2.00000e-001
6.00000e+000 6.15000e+000 -4.20000e+000 2.85000e+007 2.00000e-001
7.00000e+000 0.00000e+000 -9.65000e+000 2.85000e+007 2.00000e-001

1.00000e+000 0.00000e+000 0.00000e+000  0.1225  1.25052e-3  1.25052e-003  2.1009e-3
2.00000e+000 3.02500e+000 0.00000e+000  0.1225  1.25052e-3  1.25052e-003  2.1009e-3
3.00000e+000 6.15000e+000 0.00000e+000  0.1225  1.25052e-3  1.25052e-003  2.1009e-3
4.00000e+000 9.25000e+000 -4.20000e+000 0.1225  1.25052e-3  1.25052e-003  2.1009e-3
5.00000e+000 0.00000e+000 0.00000e+000  0.1225  1.25052e-3  1.25052e-003  2.1009e-3
6.00000e+000 6.15000e+000 -4.20000e+000 0.1225  1.25052e-3  1.25052e-003  2.1009e-3
7.00000e+000 0.00000e+000 -9.65000e+000 0.1225  1.25052e-3  1.25052e-003  2.1009e-3

1.00000e+000 0.00000e+000 0.00000e+000
2.00000e+000 3.02500e+000 0.00000e+000
3.00000e+000 6.15000e+000 0.00000e+000
4.00000e+000 6.15000e+000 -4.20000e+000
5.00000e+000 9.25000e+000 -4.20000e+000
6.00000e+000 0.00000e+000 -9.65000e+000
7.00000e+000 3.02500e+000 -9.65000e+000
8.00000e+000 6.15000e+000 -9.65000e+000
9.00000e+000 9.25000e+000 -9.65000e+000


2.00000e+004 0.00000e+000 0.00000e+000 -1.00000e+000

2.00000e+000 3.02500e+000 0.00000e+000 1.12800e+001  0.00000e+000 0.
2.00000e+000 3.02500e+000 -2.49000e+000 1.12800e+001 0.00000e+000 0.
2.00000e+000 3.02500e+000 -7.03000e+000 1.12800e+001 0.00000e+000 0.
2.00000e+000 3.02500e+000 -9.65000e+000 1.12800e+001 0.00000e+000 0.
3.00000e+000 6.15000e+000 -4.20000e+000 1.86000e+001 0.00000e+000 0.
3.00000e+000 6.15000e+000 -9.65000e+000 1.86000e+001 0.00000e+000 0.
3.00000e+000 6.15000e+000 -4.20000e+000 2.07600e+001 0.00000e+000 0.
3.00000e+000 6.15000e+000 -9.65000e+000 2.07600e+001 0.00000e+000 0.
4.00000e+000 9.25000e+000 -5.92500e+000 1.35600e+001 0.00000e+000 0.
4.00000e+000 9.25000e+000 -7.92500e+000 1.35600e+001 0.00000e+000 0.
3.00000e+000 6.15000e+000 -4.20000e+000 6.24000e+000 0.00000e+000 0.
3.00000e+000 6.15000e+000 -9.65000e+000 6.24000e+000 0.00000e+000 0.
3.00000e+000 6.15000e+000 -4.20000e+000 2.08000e+000 0.00000e+000 0.
3.00000e+000 6.15000e+000 -9.65000e+000 2.08000e+000 0.00000e+000 0.
2.00000e+000 3.02500e+000 0.00000e+000 9.23000e+000  0.00000e+000 0.
2.00000e+000 3.02500e+000 -2.49000e+000 9.23000e+000 0.00000e+000 0.
2.00000e+000 3.02500e+000 -7.03000e+000 9.23000e+000 0.00000e+000 0.
2.00000e+000 3.02500e+000 -9.65000e+000 9.23000e+000 0.00000e+000 0.
3.00000e+000 6.15000e+000 -4.20000e+000 1.53400e+001 0.00000e+000 0.
3.00000e+000 6.15000e+000 -9.65000e+000 1.53400e+001 0.00000e+000 0.
4.00000e+000 9.25000e+000 -5.92500e+000 3.64000e+000 0.00000e+000 0.
4.00000e+000 9.25000e+000 -7.92500e+000 3.64000e+000 0.00000e+000 0.
 
4.00000e+000 9.25000e+000 -4.20000e+000 9.25000e+000 -9.65000e+000 3.64000e+000 3.64000e+000
3.00000e+000 6.15000e+000 -4.20000e+000 6.15000e+000 -9.65000e+000 7.28000e+000 7.28000e+000
3.00000e+000 6.15000e+000 0.00000e+000 6.15000e+000 -4.20000e+000 3.64000e+000 3.64000e+000
2.00000e+000 3.02500e+000 -7.03000e+000 3.02500e+000 -9.65000e+000 7.02000e+000 7.02000e+000
2.00000e+000 3.02500e+000 -2.49000e+000 3.02500e+000 -7.03000e+000 7.02000e+000 7.02000e+000
2.00000e+000 3.02500e+000 0.00000e+000 3.02500e+000 -2.49000e+000 7.02000e+000 7.02000e+000
1.00000e+000 0.00000e+000 0.00000e+000 0.00000e+000 -9.65000e+000 3.38000e+000 3.38000e+000
4.00000e+000 9.25000e+000 -7.92500e+000 9.25000e+000 -9.65000e+000 3.64000e+000 3.64000e+000
4.00000e+000 9.25000e+000 -4.20000e+000 9.25000e+000 -5.92500e+000 3.64000e+000 3.64000e+000
3.00000e+000 6.15000e+000 0.00000e+000 6.15000e+000 -4.20000e+000 3.64000e+000 3.64000e+000
2.00000e+000 3.02500e+000 -2.49000e+000 3.02500e+000 -7.03000e+000 7.02000e+000 7.02000e+000
1.00000e+000 0.00000e+000 0.00000e+000 0.00000e+000 -9.65000e+000 3.38000e+000 3.38000e+000
7.00000e+000 6.15000e+000 -9.65000e+000 9.25000e+000 -9.65000e+000 1.17000e+000 1.17000e+000
6.00000e+000 6.15000e+000 -4.20000e+000 9.25000e+000 -4.20000e+000 1.17000e+000 1.17000e+000
3.00000e+000 6.15000e+000 0.00000e+000 6.15000e+000 -4.20000e+000 1.69000e+000 1.69000e+000
1.00000e+000 0.00000e+000 0.00000e+000 0.00000e+000 -9.65000e+000 1.69000e+000 1.69000e+000
7.00000e+000 6.15000e+000 -9.65000e+000 9.25000e+000 -9.65000e+000 1.69000e+000 1.69000e+000
6.00000e+000 6.15000e+000 -4.20000e+000 9.25000e+000 -4.20000e+000 1.69000e+000 1.69000e+000
3.00000e+000 6.15000e+000 0.00000e+000 6.15000e+000 -4.20000e+000 1.95000e+000 1.95000e+000
1.00000e+000 0.00000e+000 0.00000e+000 0.00000e+000 -9.65000e+000 1.95000e+000 1.95000e+000
4.00000e+000 9.25000e+000 -7.92500e+000 9.25000e+000 -9.65000e+000 2.56800e+001 2.56800e+001
4.00000e+000 9.25000e+000 -5.92500e+000 9.25000e+000 -7.92500e+000 9.12000e+000 9.12000e+000
4.00000e+000 9.25000e+000 -4.20000e+000 9.25000e+000 -5.92500e+000 2.56800e+001 2.56800e+001
7.00000e+000 0.00000e+000 -9.65000e+000 9.25000e+000 -9.65000e+000 3.52800e+000 3.52800e+000
6.00000e+000 6.15000e+000 -4.20000e+000 9.25000e+000 -4.20000e+000 3.52800e+000 3.52800e+000
5.00000e+000 0.00000e+000 0.00000e+000 6.15000e+000 0.00000e+000 3.52800e+000 3.52800e+000
4.00000e+000 9.25000e+000 -4.20000e+000 9.25000e+000 -9.65000e+000 3.52800e+000 3.52800e+000
3.00000e+000 6.15000e+000 0.00000e+000 6.15000e+000 -9.65000e+000 3.52800e+000 3.52800e+000
2.00000e+000 3.02500e+000 0.00000e+000 3.02500e+000 -9.65000e+000 3.52800e+000 3.52800e+000
1.00000e+000 0.00000e+000 0.00000e+000 0.00000e+000 -9.65000e+000 3.52800e+000 3.52800e+000
7.00000e+000 6.15000e+000 -9.65000e+000 9.25000e+000 -9.65000e+000 1.81200e+001 1.81200e+001
7.00000e+000 0.00000e+000 -9.65000e+000 6.15000e+000 -9.65000e+000 2.11200e+001 2.11200e+001
6.00000e+000 6.15000e+000 -4.20000e+000 9.25000e+000 -4.20000e+000 1.81200e+001 1.81200e+001
5.00000e+000 0.00000e+000 0.00000e+000 6.15000e+000 0.00000e+000 2.11200e+001 2.11200e+001
3.00000e+000 6.15000e+000 -4.20000e+000 6.15000e+000 -9.65000e+000 1.46400e+001 1.46400e+001
3.00000e+000 6.15000e+000 0.00000e+000 6.15000e+000 -4.20000e+000 2.79600e+001 2.79600e+001
2.00000e+000 3.02500e+000 -7.03000e+000 3.02500e+000 -9.65000e+000 1.41600e+001 1.41600e+001
2.00000e+000 3.02500e+000 -2.49000e+000 3.02500e+000 -7.03000e+000 2.16000e+001 2.16000e+001
2.00000e+000 3.02500e+000 0.00000e+000 3.02500e+000 -2.49000e+000 1.41600e+001 1.41600e+001
1.00000e+000 0.00000e+000 0.00000e+000 0.00000e+000 -9.65000e+000 2.72400e+001 2.72400e+001

1.00000e+000 1.00000e+000 1.00000e+000 8.00000e-001
1.00000e+000 5.00000e+000 -1.00000e+000 8.00000e-001
2.00000e+000 2.00000e+000 1.00000e+000 8.00000e-001
2.00000e+000 5.00000e+000 -1.00000e+000 8.00000e-001
3.00000e+000 3.00000e+000 1.00000e+000 8.00000e-001
3.00000e+000 5.00000e+000 -1.00000e+000 8.00000e-001
4.00000e+000 3.00000e+000 1.00000e+000 8.00000e-001
4.00000e+000 6.00000e+000 -1.00000e+000 8.00000e-001
5.00000e+000 4.00000e+000 1.00000e+000 8.00000e-001
5.00000e+000 6.00000e+000 -1.00000e+000 8.00000e-001
6.00000e+000 1.00000e+000 1.00000e+000 8.00000e-001
6.00000e+000 7.00000e+000 -1.00000e+000 8.00000e-001
7.00000e+000 2.00000e+000 1.00000e+000 8.00000e-001
7.00000e+000 7.00000e+000 -1.00000e+000 8.00000e-001
8.00000e+000 3.00000e+000 1.00000e+000 8.00000e-001
8.00000e+000 7.00000e+000 -1.00000e+000 8.00000e-001
9.00000e+000 4.00000e+000 1.00000e+000 8.00000e-001
9.00000e+000 7.00000e+000 -1.00000e+000 8.00000e-001

1.000000e+006 6.000000e-001 1.100000e+002 1 0 1.100000e+000

Sauliaus: 14276-bouwrooster
