   7
   0.000       0.000       0.000      -9.650    
   3.025       0.000       3.025      -9.650    
   6.150       0.000       6.150      -9.650    
   9.250      -4.200       9.250      -9.650    
   0.000       0.000       6.150       0.000    
   6.150      -4.200       9.250      -4.200    
   0.000      -9.650       9.250      -9.650    
  18
     0.000    -1.907
     0.000    -4.814
     0.000    -7.879
     3.025    -1.632
     3.025    -3.763
     3.025    -6.555
     6.150    -1.511
     6.150    -2.151
     6.150    -5.775
     6.150    -7.876
     9.250    -4.408
     9.250    -9.435
     1.005     0.000
     5.166     0.000
     8.402    -4.200
     1.357    -9.650
     3.904    -9.650
     7.478    -9.650
